1222
1 2 3 4 5 6 7 8 9 10 11 12 13 14 15 16 17 18 19 20 21 22 23 24 25 26 27 28 29 30 31 32 33 34 35 36 37 38 39 40 41 42 43 44 45 46 47 48 49 50 51 52 53 54 55 56 57 58 59 60 61 62 63 64 65 66 67 68 69 70 71 72 73 74 75 76 77 78 79 80 81 82 83 84 85 86 87 88 89 90 91 92 93 94 95 96 97 98 99 100 101 102 103 104 105 106 107 108 109 110 111 112 113 114 115 116 117 118 119 120 121 122 123 124 125 126 127 128 129 130 131 132 133 134 135 136 137 138 139 140 141 142 143 144 145 146 147 148 149 150 151 152 153 154 155 156 157 158 159 160 161 162 163 164 165 166 167 168 169 170 171 172 173 174 175 176 177 178 179 180 181 182 183 184 185 186 187 188 189 190 191 192 193 194 195 196 197 198 199 200 201 202 203 204 205 206 207 208 209 210 211 212 213 214 215 216 217 218 219 220 221 222 223 224 225 226 227 228 229 230 231 232 233 234 235 236 237 238 239 240 241 242 243 244 245 246 247 248 249 250 251 252 253 254 255 256 257 258 259 260 261 262 263 264 265 266 267 268 269 270 271 272 273 274 275 276 277 278 279 280 281 282 283 284 285 286 287 288 289 290 291 292 293 294 295 296 297 298 299 300 301 302 303 304 305 306 307 308 309 310 311 312 313 314 315 316 317 318 319 320 321 322 323 324 325 326 327 328 329 330 331 332 333 334 335 336 337 338 339 340 341 342 343 344 345 346 347 348 349 350 351 352 353 354 355 356 357 358 359 360 361 362 363 364 365 366 367 368 369 370 371 372 373 374 375 376 377 378 379 380 381 382 383 384 385 386 387 388 389 390 391 392 393 394 395 396 397 398 399 400 401 402 403 404 405 406 407 408 409 410 411 412 413 414 415 416 417 418 419 420 421 422 423 424 425 426 427 428 429 430 431 432 433 434 435 436 437 438 439 440 441 442 443 444 445 446 447 448 449 450 451 452 453 454 455 456 457 458 459 460 461 462 463 464 465 466 467 468 469 470 471 472 473 474 475 476 477 478 479 480 481 482 483 484 485 486 487 488 489 490 491 492 493 494 495 496 497 498 499 500 501 502 503 504 505 506 507 508 509 510 511 512 513 514 515 516 517 518 519 520 521 522 523 524 525 526 527 528 529 530 531 532 533 534 535 536 537 538 539 540 541 542 543 544 545 546 547 548 549 550 551 552 553 554 555 556 557 558 559 560 561 562 563 564 565 566 567 568 569 570 571 572 573 574 575 576 577 578 579 580 581 582 583 584 585 586 587 588 589 590 591 592 593 594 595 596 597 598 599 600 601 602 603 604 605 606 607 608 609 610 611 612 613 614 615 616 617 618 619 620 621 622 623 624 625 626 627 628 629 630 631 632 633 634 635 636 637 638 639 640 641 642 643 644 645 646 647 648 649 650 651 652 653 654 655 656 657 658 659 660 661 662 663 664 665 666 667 668 669 670 671 672 673 674 675 676 677 678 679 680 681 682 683 684 685 686 687 688 689 690 691 692 693 694 695 696 697 698 699 700 701 702 703 704 705 706 707 708 709 710 711 712 713 714 715 716 717 718 719 720 721 722 723 724 725 726 727 728 729 730 731 732 733 734 735 736 737 738 739 740 741 742 743 744 745 746 747 748 749 750 751 752 753 754 755 756 757 758 759 760 761 762 763 764 765 766 767 768 769 770 771 772 773 774 775 776 777 778 779 780 781 782 783 784 785 786 787 788 789 790 791 792 793 794 795 796 797 798 799 800 801 802 803 804 805 806 807 808 809 810 811 812 813 814 815 816 817 818 819 820 821 822 823 824 825 826 827 828 829 830 831 832 833 834 835 836 837 838 839 840 841 842 843 844 845 846 847 848 849 850 851 852 853 854 855 856 857 858 859 860 861 862 863 864 865 866 867 868 869 870 871 872 873 874 875 876 877 878 879 880 881 882 883 884 885 886 887 888 889 890 891 892 893 894 895 896 897 898 899 900 901 902 903 904 905 906 907 908 909 910 911 912 913 914 915 916 917 918 919 920 921 922 923 924 925 926 927 928 929 930 931 932 933 934 935 936 937 938 939 940 941 942 943 944 945 946 947 948 949 950 951 952 953 954 955 956 957 958 959 960 961 962 963 964 965 966 967 968 969 970 971 972 973 974 975 976 977 978 979 980 981 982 983 984 985 986 987 988 989 990 991 992 993 994 995 996 997 998 999 1000 1001 1002 1003 1004 1005 1006 1007 1008 1009 1010 1011 1012 1013 1014 1015 1016 1017 1018 1019 1020 1021 1022 1023 1024 1025 1026 1027 1028 1029 1030 1031 1032 1033 1034 1035 1036 1037 1038 1039 1040 1041 1042 1043 1044 1045 1046 1047 1048 1049 1050 1051 1052 1053 1054 1055 1056 1057 1058 1059 1060 1061 1062 1063 1064 1065 1066 1067 1068 1069 1070 1071 1072 1073 1074 1075 1076 1077 1078 1079 1080 1081 1082 1083 1084 1085 1086 1087 1088 1089 1090 1091 1092 1093 1094 1095 1096 1097 1098 1099 1100 1101 1102 1103 1104 1105 1106 1107 1108 1109 1110 1111 1112 1113 1114 1115 1116 1117 1118 1119 1120 1121 1122 1123 1124 1125 1126 1127 1128 1129 1130 1131 1132 1133 1134 1135 1136 1137 1138 1139 1140 1141 1142 1143 1144 1145 1146 1147 1148 1149 1150 1151 1152 1153 1154 1155 1156 1157 1158 1159 1160 1161 1162 1163 1164 1165 1166 1167 1168 1169 1170 1171 1172 1173 1174 1175 1176 1177 1178 1179 1180 1181 1182 1183 1184 1185 1186 1187 1188 1189 1190 1191 1192 1193 1194 1195 1196 1197 1198 1199 1200 1201 1202 1203 1204 1205 1206 1207 1208 1209 1210 1211 1212 1213 1214 1215 1216 1217 1218 1219 1220 1221 1222 
1 138 225 839 840 1061 
2 
3 
4 25 40 64 818 
5 186 492 552 
6 549 1162 
7 154 237 1163 
8 163 167 314 387 
9 108 541 560 648 953 
10 6 119 638 1150 
11 566 594 773 999 1006 
12 148 380 759 
13 486 640 761 891 986 
14 97 592 646 779 1188 
15 289 621 
16 389 487 653 935 
17 5 588 
18 343 687 1153 
19 78 1105 1176 
20 79 403 427 843 867 
21 490 647 
22 
23 187 326 650 
24 233 656 861 934 
25 331 566 974 
26 
27 
28 391 1085 1124 
29 41 161 640 743 942 
30 210 627 769 910 1071 
31 307 328 360 438 911 
32 467 951 1055 1056 1151 
33 558 864 900 987 
34 68 794 870 
35 282 356 438 
36 259 1004 
37 507 623 
38 528 820 901 1063 
39 
40 250 303 741 775 986 
41 376 712 1159 
42 287 516 
43 23 931 
44 117 465 1204 
45 54 778 950 1069 
46 
47 123 791 
48 468 
49 209 230 
50 700 
51 508 818 869 
52 285 344 606 868 
53 362 634 
54 803 976 
55 11 957 
56 326 650 752 931 934 
57 366 1196 1209 
58 17 117 509 761 1029 
59 135 618 
60 25 274 405 921 1126 
61 73 962 1083 1151 
62 82 264 627 827 893 
63 191 317 1055 
64 651 701 777 
65 328 546 
66 591 
67 
68 
69 227 246 322 547 812 
70 188 371 937 1009 1172 
71 67 230 
72 754 
73 
74 14 538 592 
75 205 510 810 965 
76 57 383 512 540 
77 60 82 425 780 933 
78 587 652 780 991 
79 110 
80 818 953 
81 88 204 254 394 
82 310 330 554 802 
83 
84 194 
85 49 181 220 854 865 
86 73 236 704 1007 
87 899 1120 
88 502 636 648 913 1138 
89 172 611 
90 7 216 429 873 1099 
91 479 
92 
93 940 1020 
94 176 691 899 
95 631 886 
96 146 473 493 
97 1080 1098 
98 809 947 982 1139 
99 130 458 
100 
101 427 749 761 816 1182 
102 
103 
104 608 1155 
105 1187 
106 187 192 499 666 846 
107 85 225 544 659 1149 
108 182 296 434 1137 1200 
109 703 
110 645 
111 398 454 549 710 740 
112 143 812 1161 
113 737 845 
114 418 425 858 1029 
115 236 1065 
116 99 160 567 1002 1176 
117 141 252 253 851 
118 641 663 904 915 921 
119 471 
120 598 634 1019 1045 
121 
122 357 511 705 980 1157 
123 399 764 1023 1092 
124 222 551 763 1046 1055 
125 238 250 1033 1044 
126 157 742 1188 
127 415 
128 124 299 
129 72 1042 
130 754 
131 93 143 785 929 
132 222 302 906 1108 
133 261 463 747 
134 53 990 
135 333 
136 351 471 606 629 1034 
137 330 397 480 1082 1201 
138 221 368 1028 1103 
139 224 250 433 855 1019 
140 431 501 1076 
141 599 
142 585 
143 
144 494 1005 1044 1221 
145 
146 10 1138 1195 
147 34 652 677 
148 290 337 
149 367 588 824 
150 900 912 1012 
151 379 
152 
153 407 545 1056 1077 1141 
154 520 537 684 928 
155 40 638 912 
156 147 719 853 1002 1010 
157 
158 746 
159 686 718 778 
160 163 405 
161 12 
162 
163 284 515 706 1196 
164 44 401 669 772 873 
165 773 1218 
166 
167 756 
168 416 
169 465 728 
170 873 
171 114 531 
172 
173 265 
174 876 
175 599 611 
176 7 146 269 
177 489 580 614 761 827 
178 146 329 482 
179 322 985 1079 
180 
181 206 336 
182 274 825 
183 398 
184 558 
185 229 442 1110 1187 
186 1078 
187 214 468 691 930 1069 
188 130 664 1190 
189 163 175 714 775 1096 
190 
191 300 419 457 1144 
192 
193 178 504 630 833 
194 176 457 668 819 1142 
195 1103 1133 1167 
196 47 140 260 595 679 
197 
198 88 304 318 325 425 
199 143 207 528 
200 78 918 
201 349 439 548 599 607 
202 59 184 211 422 544 
203 1069 
204 218 359 987 1048 
205 269 436 465 648 
206 982 1084 1218 
207 86 574 
208 29 770 908 
209 
210 414 418 802 
211 345 367 1016 
212 289 448 
213 
214 115 705 
215 
216 184 624 657 749 1181 
217 
218 78 455 522 928 929 
219 227 372 1085 
220 57 101 292 327 486 
221 252 972 
222 452 554 943 
223 857 962 
224 744 806 
225 647 1175 
226 512 875 1165 1212 
227 485 596 1046 1075 
228 73 151 680 
229 265 543 719 925 1107 
230 134 242 931 1132 
231 734 1184 
232 866 
233 139 429 775 861 
234 11 578 643 
235 238 418 567 1153 
236 642 815 
237 98 127 226 548 
238 307 545 973 1095 
239 812 938 
240 
241 11 26 239 316 1118 
242 509 
243 125 212 515 999 
244 166 213 679 708 1040 
245 6 676 754 843 1172 
246 874 914 
247 503 702 
248 125 301 708 912 
249 186 294 384 830 
250 764 
251 37 454 530 603 
252 1 116 484 
253 885 1183 1199 
254 45 200 335 1159 
255 290 432 488 1008 
256 3 237 760 789 1078 
257 
258 233 452 584 722 
259 29 502 590 745 
260 184 664 1091 1201 
261 336 492 872 
262 52 397 1123 
263 155 545 866 1021 1028 
264 30 341 
265 307 533 1018 
266 273 707 1074 
267 561 798 843 982 
268 119 799 
269 58 665 1177 
270 17 546 724 795 864 
271 318 648 1213 
272 
273 136 715 765 1090 
274 363 969 1013 
275 
276 419 
277 
278 520 669 
279 45 249 906 1055 
280 244 271 787 
281 283 377 627 886 1053 
282 148 762 1131 
283 
284 
285 727 
286 131 423 972 1161 
287 63 260 818 1147 
288 131 258 493 
289 
290 1159 1187 
291 
292 23 441 897 
293 
294 910 
295 341 1014 
296 869 
297 167 
298 784 1013 1155 
299 81 230 233 659 1165 
300 434 723 1124 
301 
302 63 161 513 1151 1205 
303 18 85 
304 76 412 524 
305 952 
306 351 1015 
307 6 720 857 911 1197 
308 152 331 362 
309 
310 8 186 451 930 1135 
311 
312 59 165 305 
313 398 
314 62 
315 180 195 229 452 559 
316 
317 44 599 952 976 
318 101 863 
319 
320 140 241 1069 1199 
321 720 840 944 
322 140 678 1088 
323 331 
324 67 166 394 613 
325 68 189 973 
326 926 942 1020 
327 475 861 
328 405 607 1097 
329 
330 
331 361 
332 517 952 
333 143 875 877 
334 150 475 795 863 
335 461 
336 14 711 804 868 1166 
337 
338 38 222 675 755 1013 
339 
340 1080 1209 
341 
342 116 317 687 762 773 
343 654 959 
344 370 371 585 835 1145 
345 427 
346 134 425 1004 1176 
347 4 1155 
348 23 65 113 504 875 
349 411 562 639 1161 
350 126 377 659 
351 203 646 1014 
352 
353 
354 425 
355 943 
356 99 374 505 922 1208 
357 411 658 911 955 1076 
358 506 540 782 
359 
360 
361 44 195 233 433 1206 
362 582 606 716 
363 199 305 462 835 1033 
364 290 436 
365 
366 
367 
368 705 
369 408 692 1016 
370 77 618 761 1045 1106 
371 
372 
373 449 
374 764 1037 
375 85 
376 513 
377 
378 
379 105 1019 
380 204 1060 1167 
381 1163 
382 509 704 755 
383 218 353 402 985 
384 256 304 727 1106 1160 
385 165 502 
386 387 1111 
387 
388 214 623 
389 259 514 602 840 
390 25 211 372 1219 
391 499 1021 
392 
393 325 
394 1099 
395 
396 20 26 190 766 1180 
397 99 261 
398 300 
399 
400 564 
401 215 303 
402 32 583 673 712 773 
403 46 530 900 1152 
404 
405 84 147 339 572 
406 
407 200 342 948 991 
408 686 
409 
410 96 108 422 805 
411 74 
412 385 399 724 
413 137 162 239 473 
414 
415 160 519 605 705 1006 
416 433 1084 
417 174 707 836 
418 
419 281 392 
420 59 614 656 671 798 
421 
422 
423 
424 67 419 621 704 797 
425 156 585 645 1015 1129 
426 813 946 
427 117 242 1074 1121 
428 
429 1080 
430 
431 294 1187 1210 
432 138 403 619 1015 
433 531 
434 512 552 864 
435 237 870 
436 787 
437 650 
438 
439 183 246 393 602 
440 194 369 1086 
441 561 764 923 1211 
442 589 856 987 1128 1188 
443 917 
444 40 66 144 538 
445 1089 
446 
447 934 1220 
448 57 1070 
449 182 212 622 853 1063 
450 305 359 699 708 993 
451 2 171 176 
452 40 48 311 424 890 
453 124 175 
454 
455 39 417 482 1217 
456 1122 
457 212 370 596 
458 802 991 1093 1118 
459 98 783 862 1095 
460 807 1012 
461 780 799 1148 1195 
462 236 436 756 977 1086 
463 199 1158 
464 16 62 360 620 
465 379 553 582 1211 
466 559 700 1077 
467 422 783 822 860 
468 575 1082 
469 
470 138 341 522 758 
471 28 702 798 829 1012 
472 169 329 622 1136 1182 
473 86 314 358 1003 1063 
474 35 716 891 
475 7 252 786 
476 324 705 
477 768 1170 
478 99 296 917 1063 
479 288 812 953 1059 
480 
481 
482 125 
483 877 
484 19 350 741 844 873 
485 
486 267 1100 
487 536 1173 
488 1045 
489 201 532 1150 1159 1164 
490 319 
491 3 110 1056 1158 
492 695 1066 
493 1191 
494 1043 
495 493 
496 334 
497 762 
498 
499 113 407 437 917 1084 
500 430 711 
501 24 738 1070 1098 
502 699 
503 986 
504 375 886 948 
505 109 421 766 978 1002 
506 894 
507 775 1008 1207 1213 
508 598 
509 195 205 
510 195 272 808 
511 
512 663 
513 
514 714 
515 1112 
516 992 
517 
518 1148 
519 
520 19 126 423 1174 
521 406 
522 118 603 715 725 
523 44 665 789 
524 1189 
525 615 1022 
526 305 733 
527 
528 409 505 944 1215 
529 334 768 
530 
531 75 
532 
533 262 371 476 960 1115 
534 210 1067 
535 1010 
536 433 458 604 1029 
537 22 73 695 815 
538 485 500 
539 
540 726 892 1071 1122 
541 352 645 982 1000 1206 
542 128 
543 102 200 258 816 
544 423 532 592 1151 
545 
546 514 535 1101 1120 
547 274 342 373 714 1143 
548 550 833 
549 
550 271 773 817 838 1166 
551 365 
552 91 119 340 372 738 
553 270 584 
554 228 716 867 928 
555 127 523 636 
556 128 776 810 
557 236 691 779 900 1102 
558 777 
559 
560 
561 10 255 696 1159 
562 49 200 273 1010 1052 
563 220 368 812 1196 
564 228 281 314 496 1122 
565 359 
566 
567 724 950 1020 
568 331 616 
569 
570 
571 
572 1028 
573 
574 
575 
576 1159 
577 230 527 951 958 
578 1109 
579 118 1025 1043 
580 
581 118 
582 63 
583 455 938 
584 30 34 438 
585 
586 35 149 687 1076 
587 
588 190 625 1008 
589 
590 
591 
592 277 
593 632 
594 
595 
596 60 287 908 1116 1176 
597 348 518 921 1026 
598 650 800 1005 
599 240 915 989 1128 
600 212 1020 
601 166 925 1129 1191 
602 405 908 979 998 1077 
603 941 1124 1192 
604 230 242 610 906 1178 
605 30 150 474 697 959 
606 
607 188 422 666 738 1163 
608 389 621 
609 60 425 894 1024 1182 
610 
611 18 154 259 702 951 
612 1015 
613 84 198 403 
614 382 943 1021 1141 
615 
616 306 385 433 599 1044 
617 424 475 571 1151 1171 
618 
619 140 654 914 970 1206 
620 
621 774 
622 119 290 546 584 
623 278 349 721 
624 306 905 
625 534 852 
626 200 644 781 1158 
627 713 
628 586 945 1142 
629 56 100 130 163 
630 203 352 554 847 1193 
631 
632 715 894 1036 
633 60 126 947 1054 1085 
634 
635 41 868 
636 480 1105 1131 
637 
638 661 
639 
640 26 757 901 1010 
641 857 
642 
643 377 627 724 808 1193 
644 138 142 301 460 715 
645 
646 522 621 946 
647 
648 72 267 1219 
649 1003 
650 65 820 1023 1069 
651 1 668 677 702 848 
652 404 638 
653 469 723 957 982 994 
654 342 539 824 1081 1170 
655 75 1131 1137 1138 
656 
657 475 549 733 814 849 
658 
659 353 408 972 1086 1137 
660 157 441 573 
661 180 219 693 720 
662 252 783 
663 671 
664 
665 66 614 752 823 1180 
666 782 
667 
668 302 1148 
669 298 301 313 843 
670 989 
671 161 516 522 797 949 
672 750 955 1092 
673 676 
674 432 677 723 774 
675 959 
676 
677 94 224 337 602 832 
678 444 598 679 1218 
679 835 880 1138 
680 50 102 276 400 955 
681 
682 32 176 1090 1126 
683 622 
684 285 540 917 
685 18 531 
686 20 206 209 499 
687 
688 95 215 706 716 
689 16 164 
690 
691 339 415 763 
692 
693 478 782 
694 317 865 875 
695 484 
696 727 
697 591 
698 390 618 1221 
699 
700 25 106 714 810 1218 
701 229 856 
702 214 585 650 990 
703 382 
704 326 1010 1159 
705 160 572 
706 510 866 1047 
707 
708 750 
709 396 404 539 819 
710 118 355 
711 
712 262 263 273 489 698 
713 383 526 540 824 
714 271 482 507 1086 
715 
716 41 153 450 782 811 
717 27 60 650 739 751 
718 
719 
720 
721 536 544 659 
722 856 
723 312 
724 357 701 
725 23 384 1063 
726 313 
727 
728 207 
729 116 336 537 987 
730 486 492 711 1108 
731 5 77 414 708 934 
732 368 449 680 695 1117 
733 294 
734 259 805 1072 1087 
735 175 374 604 1160 
736 111 132 818 1047 
737 139 496 1053 1164 1210 
738 774 904 
739 840 
740 56 92 202 951 
741 831 
742 301 332 1089 
743 14 241 
744 281 874 
745 16 180 583 
746 
747 595 618 832 1185 
748 
749 877 
750 456 
751 320 615 630 757 817 
752 
753 474 656 685 799 
754 501 511 552 
755 822 
756 204 561 
757 120 530 1046 
758 402 741 806 822 825 
759 1050 
760 11 294 317 701 876 
761 229 340 801 832 1024 
762 
763 55 375 890 1026 
764 753 858 
765 215 912 
766 73 202 752 1029 1110 
767 744 880 902 1102 
768 127 705 
769 
770 622 
771 851 
772 891 991 
773 
774 958 1097 
775 603 
776 342 1001 
777 257 274 407 
778 
779 381 1044 
780 321 1069 
781 113 
782 705 967 
783 
784 111 581 1052 1130 1191 
785 110 913 
786 436 505 673 777 
787 
788 210 424 506 601 1135 
789 367 724 
790 153 166 
791 
792 114 844 926 1025 1188 
793 
794 434 573 657 
795 962 
796 409 463 1151 
797 477 676 1048 1106 1176 
798 569 778 1085 1128 
799 287 905 963 984 1141 
800 42 
801 612 768 
802 
803 582 732 958 986 
804 1009 
805 287 575 846 
806 1143 
807 499 
808 335 
809 821 
810 502 
811 584 695 
812 456 517 620 1082 1103 
813 429 657 780 
814 78 139 1115 1191 
815 38 208 266 446 829 
816 
817 964 
818 
819 50 137 1169 
820 
821 36 836 877 1139 
822 115 325 494 629 1097 
823 
824 584 790 999 
825 291 902 
826 599 
827 352 388 525 875 1048 
828 
829 113 411 730 1069 1131 
830 30 537 
831 327 558 781 1215 
832 270 1037 1168 
833 124 362 388 
834 234 437 481 1124 
835 671 727 
836 209 236 355 1160 
837 
838 396 760 
839 167 407 484 950 
840 352 912 1106 
841 
842 184 262 738 1069 
843 363 374 1096 
844 1049 
845 904 919 1026 
846 506 662 707 874 908 
847 50 297 343 498 576 
848 22 645 979 
849 1034 
850 129 788 993 
851 454 
852 428 886 
853 54 
854 1029 
855 
856 
857 1103 
858 1 1158 
859 824 831 
860 36 389 417 949 1057 
861 1040 
862 14 191 623 706 721 
863 57 154 257 461 522 
864 75 499 1055 1057 
865 147 564 653 696 784 
866 94 481 693 1024 1036 
867 490 890 
868 
869 
870 
871 676 735 769 982 
872 234 429 1028 
873 800 1157 
874 68 118 1096 
875 39 150 282 1028 
876 97 581 920 956 1033 
877 287 
878 252 998 1044 1210 
879 519 686 
880 614 857 
881 618 741 
882 681 
883 11 464 511 851 
884 183 299 773 
885 50 152 902 975 1146 
886 584 
887 542 890 
888 63 940 
889 516 623 963 995 1049 
890 135 464 641 1128 1192 
891 600 
892 
893 295 437 
894 
895 711 1160 
896 522 944 
897 484 815 960 
898 326 757 884 
899 
900 850 
901 12 668 867 
902 121 232 717 780 
903 199 381 1190 
904 318 655 729 807 
905 577 
906 182 613 770 1153 
907 786 807 
908 
909 299 563 1074 1192 
910 115 560 715 
911 363 455 721 
912 250 741 
913 402 442 937 
914 142 587 1216 
915 60 220 749 1089 
916 240 
917 
918 75 694 954 959 1120 
919 429 
920 
921 63 156 758 843 1178 
922 
923 334 503 552 759 1120 
924 
925 412 822 916 1218 
926 34 467 702 
927 
928 834 956 1067 
929 777 1193 
930 444 
931 
932 371 429 583 925 1097 
933 87 753 860 
934 128 200 1012 1028 1215 
935 272 548 837 904 1066 
936 154 1071 
937 17 720 
938 304 1002 1019 1153 
939 900 948 
940 
941 764 1005 1108 1211 
942 
943 10 74 149 704 915 
944 855 1130 
945 851 906 1025 
946 191 1148 1159 
947 243 370 699 822 954 
948 
949 
950 104 699 1008 
951 67 128 179 317 1140 
952 160 313 323 515 973 
953 238 395 697 765 1186 
954 
955 662 970 1011 
956 
957 11 134 759 976 
958 108 142 822 939 964 
959 
960 406 
961 266 315 640 975 1018 
962 
963 20 850 
964 230 854 
965 852 
966 786 
967 906 
968 427 811 973 
969 
970 783 879 
971 1136 
972 
973 176 239 463 573 827 
974 3 412 520 
975 
976 46 86 440 798 
977 185 744 830 1208 
978 194 570 673 758 917 
979 885 
980 
981 
982 265 411 441 980 
983 446 471 1035 1072 
984 684 930 1067 1209 
985 145 284 410 808 
986 1153 
987 256 910 986 1073 1220 
988 369 720 923 1143 
989 425 1140 1173 1176 
990 43 222 607 786 1166 
991 104 485 500 775 1015 
992 72 689 769 787 1150 
993 227 
994 328 333 969 
995 622 852 
996 360 575 948 1204 
997 354 399 710 1093 
998 122 149 312 331 942 
999 
1000 95 616 905 1094 1131 
1001 
1002 132 159 414 1018 
1003 816 839 876 1001 1009 
1004 152 845 
1005 219 248 304 410 961 
1006 62 75 234 932 
1007 71 97 118 251 700 
1008 327 845 1139 
1009 270 426 638 983 
1010 226 305 
1011 206 413 
1012 310 341 571 1117 
1013 
1014 666 
1015 532 895 
1016 
1017 200 436 808 896 1070 
1018 
1019 
1020 290 889 
1021 841 
1022 547 610 
1023 
1024 149 591 683 1097 
1025 409 450 
1026 64 
1027 59 689 1026 
1028 651 902 986 1054 
1029 14 75 344 
1030 884 1181 
1031 60 426 1073 
1032 131 
1033 6 612 
1034 
1035 1166 
1036 171 270 346 555 924 
1037 382 894 
1038 
1039 290 337 717 776 871 
1040 761 941 
1041 554 
1042 280 305 710 906 1123 
1043 
1044 353 764 841 
1045 30 146 244 
1046 93 415 466 860 
1047 
1048 198 1159 
1049 
1050 478 542 687 728 930 
1051 
1052 
1053 349 1090 
1054 172 442 840 933 
1055 348 
1056 359 670 
1057 773 1065 1185 
1058 101 163 686 968 
1059 
1060 
1061 
1062 34 390 463 584 
1063 573 943 
1064 1068 
1065 199 564 
1066 44 202 341 
1067 1131 
1068 490 
1069 
1070 674 986 
1071 396 443 528 593 
1072 
1073 235 987 
1074 166 193 619 658 710 
1075 400 
1076 483 1166 
1077 
1078 20 545 614 829 992 
1079 487 
1080 206 574 955 
1081 1013 1049 1136 
1082 579 
1083 
1084 177 584 1080 1115 
1085 
1086 
1087 422 529 728 1006 1069 
1088 956 
1089 11 220 510 1149 
1090 
1091 226 791 1100 1176 
1092 717 983 
1093 642 721 
1094 
1095 
1096 
1097 192 703 
1098 155 
1099 256 266 507 993 
1100 
1101 39 535 731 
1102 683 935 970 
1103 455 714 752 
1104 309 505 
1105 185 302 364 486 
1106 141 465 
1107 357 766 908 983 
1108 392 575 669 921 
1109 530 770 789 1149 
1110 26 799 
1111 369 1095 
1112 75 
1113 94 1083 
1114 204 
1115 257 345 737 847 980 
1116 108 289 650 790 1012 
1117 380 
1118 227 454 537 
1119 215 373 585 728 1022 
1120 399 537 902 1110 1133 
1121 369 514 
1122 
1123 470 506 916 
1124 764 
1125 31 377 
1126 
1127 702 
1128 66 78 500 699 1152 
1129 569 741 
1130 284 628 1021 
1131 831 
1132 486 
1133 102 714 865 1053 
1134 340 
1135 
1136 194 392 
1137 341 539 554 558 1115 
1138 951 1039 
1139 319 
1140 250 423 847 1082 
1141 858 
1142 
1143 979 
1144 403 847 857 1085 
1145 7 469 633 813 879 
1146 1206 
1147 626 1092 
1148 306 
1149 150 
1150 
1151 722 795 1183 
1152 
1153 275 335 722 953 1158 
1154 462 924 1116 1159 
1155 
1156 98 411 995 1023 1048 
1157 1129 
1158 18 326 865 895 1130 
1159 
1160 11 767 
1161 354 627 805 1109 
1162 34 243 261 984 
1163 91 176 209 1199 
1164 
1165 844 1015 1077 1145 
1166 279 872 882 1121 
1167 
1168 
1169 306 516 
1170 869 928 
1171 728 729 751 
1172 680 998 
1173 257 284 615 
1174 
1175 134 376 632 644 732 
1176 284 310 482 825 921 
1177 213 482 858 
1178 227 618 927 
1179 81 990 1043 
1180 615 
1181 
1182 594 606 704 1163 
1183 
1184 397 516 1049 1179 
1185 1059 
1186 414 711 1023 1199 
1187 495 944 
1188 257 335 753 1207 
1189 280 
1190 231 245 416 536 848 
1191 860 
1192 202 261 660 1048 
1193 72 99 659 
1194 2 666 678 1198 
1195 25 99 265 1099 
1196 736 
1197 424 570 1190 
1198 735 842 
1199 45 100 335 372 1214 
1200 573 667 724 858 1143 
1201 107 577 702 930 
1202 598 951 
1203 
1204 287 1106 1132 
1205 70 472 756 1110 1122 
1206 4 680 1185 
1207 733 
1208 
1209 269 353 431 728 
1210 405 411 
1211 752 
1212 373 566 
1213 933 
1214 
1215 327 772 876 1109 
1216 179 185 355 
1217 217 336 614 676 844 
1218 342 529 
1219 45 172 459 898 
1220 301 
1221 133 907 
1222 354 625 774 
